0.462
0.384
0.514
0.364
0.522
0.442
0.441
0.436
0.591
0.511
0.555
0.547
0.44
0.651
0.759
0.624
0.858
0.849
0.383
0.537
0.832
0.684
0.736
0.83
0.389
0.757
0.552
0.773
0.707
0.518
0.753
0.817
0.794
0.753
0.836
0.76
0.423
0.788
0.871
0.761
0.821
0.72
0.863
0.471
0.868
0.776
0.849
0.87
0.544
0.856
0.835
0.746
0.825
0.849
0.754
0.83
0.928
0.616
0.825
0.808
0.804
0.723
0.597
0.757
0.887
0.688
0.79
0.627
0.69
0.827
0.893
0.372
0.517
0.336
0.268
0.255
0.737
0.59
0.652
0.524
0.534
0.43
0.584
0.349
0.766
0.743
0.565
0.412
0.829
0.364
0.794
0.552
0.459
0.682
0.7
0.232
0.584
0.423
0.813
0.449
0.721
0.722
0.578
0.726
0.393
0.254
0.442
0.251
0.367
0.659
0.449
0.58
0.511
0.298
0.598
0.737
0.417
0.74
0.727
0.643
0.755
0.673
0.443
0.476
0.683
0.924
0.82
0.624
0.862
0.445
0.565
0.958
0.422
0.952
0.945
0.984
0.961
0.236
0.27
0.642
0.306
0.806
0.92
0.897
0.845
0.903
1.002
0.556
0.433
0.981
0.792
0.952
0.996
0.974
0.576
0.32
0.762
0.931
0.488
0.744
0.7
0.833
0.684
0.866
0.83
0.809
0.644
0.945
0.631
0.876
0.949
0.999
0.85
0.623
0.762
0.923
0.554
1.045
0.995
0.8
0.977
0.486
0.444
0.641
0.52
0.352
0.758
0.602
1.003
0.853
0.949
0.907
0.447
0.661
0.95
0.883
0.937
0.329
0.5
1.003
1.015
0.878
0.765
0.616
0.492
0.778
0.827
0.463
0.787
0.836
0.735
0.842
0.84
0.804
0.838
0.775
0.751
0.714
0.712
0.51
0.759
0.687
0.499
0.727
0.743
0.815
0.531
0.624
0.608
0.505
0.847
0.839
0.836
0.744
0.841
0.648
0.863
0.722
0.5
0.772
0.479
0.467
0.635
0.694
0.757
0.626
0.73
0.46
0.635
0.846
0.482
0.697
0.618
0.777
0.801
0.825
0.853
0.637
0.723
0.475
0.467
0.862
0.781
0.798
0.79
0.817
0.532
0.846
0.835
0.55
0.564
0.483
0.508
0.742
0.728
0.618
0.767
0.611
0.455
0.782
0.851
0.581
0.543
0.677
0.612
0.766
0.612
0.676
0.641
0.699
0.671
0.664
0.654
0.659
0.686
0.631
0.628
0.645
0.613
0.561
0.697
0.771
0.802
0.67
0.497
0.822
0.767
0.606
0.685
0.541
0.804
0.795
0.625
0.654
0.797
0.713
0.861
0.618
0.921
0.817
0.738
0.793
0.564
0.699
0.539
0.511
0.851
0.873
0.689
0.759
0.827
0.779
0.803
0.575
0.589
0.767
0.77
0.656
0.793
0.605
0.703
0.718
0.719
0.66
0.564
0.717
0.699
0.517
0.53
0.61
0.589
0.649
0.736
0.53
0.599
0.417
0.594
0.857
0.591
0.538
0.43
0.363
0.433
0.295
0.618
0.82
0.754
0.817
0.55
0.683
0.667
0.797
0.579
0.532
0.65
0.652
0.75
0.824
0.759
0.609
0.724
0.568
0.729
0.49
0.719
0.711
0.627
0.836
0.991
0.651
0.561
0.792
0.595
0.774
0.702
0.68
0.558
0.653
0.627
1.016
0.845
0.723
0.742
0.772
0.422
0.801
0.574
0.494
0.564
0.779
0.916
0.758
0.707
0.617
0.787
0.793
0.768
0.654
0.711
0.758
0.819
0.758
0.699
0.868
0.893
0.247
0.895
0.986
0.695
0.886
0.99
0.564
0.732
0.617
0.127
0.397
0.53
0.52
0.462
0.402
0.505
0.738
0.513
0.67
0
0.397
0.494
0.463
0.576
0.564
0.73
0.589
0.602
0.723
0.595
0.357
0.218
0.468
0.731
0.721
0.749
0.272
0.367
0.727
0.615
0.659
0.68
0.483
0.585
0.687
0.677
0.743
0.584
0.492
0.604
0.661
0.293
0.292
0.259
0.668
0.521
0.725
0.395
0.693
0.72
0.584
0.396
0.702
0.278
0.873
0.739
0.639
0.774
0.758
0.344
0.342
0.438
0.605
0.535
0.651
0.709
0.844
0.221
0.637
0.663
0.607
0.787
0.426
0.719
0.882
0.419
0.705
0.547
0.768
0.474
0.444
0.606
0.419
0.611
0.777
0.409
0.807
0.737
0.705
0.459
0.547
0.49
0.978
0.753
0.719
0.532
0.679
0.492
0.518
0.447
0.371
0.584
0.564
0.447
0.374
0.669
0.506
0.717
0.702
0.523
0.288
0.632
0.39
0.621
0.608
0.683
0.722
0.725
0.576
0.751
0.579
0.908
0.837
0.464
0.73
0.625
0.402
0.497
0.709
0.605
0.618
0.63
0.744
0.666
0.544
0.695
0.578
0.527
0.631
0.467
0.644
0.291
0.67
0.625
0.441
0.658
0.471
0.485
0.693
0.345
0.514
0.479
0.557
0.646
0.46
0.449
0.385
0.424
0.747
0.752
0.662
0.649
0.608
0.598
0.654
0.508
0.436
0.453
0.536
0.5
0.549
0.679
0.487
0.677
0.513
0.537
0.667
0.249
0.742
0.499
0.805
0.829
0.696
0.683
0.563
0.686
0.734
0.559
0.574
0.758
0.547
0.541
0.604
0.639
1.016
0.701
0.613
0.49
0.623
0.6
0.376
0.517
0.463
0.371
0.809
0.775
0.771
0.614
0.873
0.666
0.562
0.846
0.87
0.6
0.417
0.73
0.718
0.828
0.517
0.525
0.91
0.743
0.527
0.32
0.645
0.594
0.57
0.731
0.828
0.501
0.655
0.834
0.659
0.718
0.9
1.099
0.812
0.697
0.794
0.619
0.587
0.753
0.462
0.967
1.115
0.614
0.719
0.772
0.65
0.747
0.985
0.919
0.668
0.719
0.776
0.705
0.786
0.931
0.951
0.777
1.039
0.864
0.825
0.957
0.614
0.553
0.91
0.866
0.494
0.669
0.502
0.362
0.666
0.482
0.416
0.842
0.486
0.783
0.684
1.1
0.958
0.81
0.86
0.465
1.058
0.984
1.001
0.999
0.64
1.064
0.679
0.953
0.964
0.992
1.016
0.779
1.084
0.642
0.5
0.836
1.016
0.678
0.995
0.34
0.917
0.638
0.955
0.756
0.967
0.841
0.573
0.777
0.98
0.711
0.702
0.715
0.929
0.678
0.838
0.895
0.758
0.839
0.489
0.888
0.521
0.719
0.904
0.744
0.874
0.601
0.56
0.859
0.705
0.76
0.801
0.592
0.478
0.511
0.596
0.451
0.496
0.789
0.883
0.591
0.81
0.892
0.75
0.539
0.864
0.59
0.527
0.652
0.873
0.502
0.681
0.922
0.732
0.825
0.78
0.524
0.721
0.893
0.631
0.456
0.531
0.549
0.839
0.726
0.722
0.588
0.345
0.782
0.844
0.818
0.55
0.488
0.516
0.569
0.854
0.798
0.824
0.713
0.572
0.457
0.428
0.45
0.44
0.494
0.585
0.579
0.43
0.415
0.43
0.364
0.491
0.42
0.548
0.701
0.55
0.47
0.498
0.534
0.567
0.4
0.563
0.778
0.707
0.76
0.694
0.443
0.485
0.715
0.706
0.395
0.394
0.557
0.635
0.593
0.855
0.523
0.631
0.745
0.678
0.856
0.544
0.449
0.316
0.604
0.917
0.815
0.547
0.489
0.463
0.552
0.404
0.539
0.54
0.423
0.585
0.499
0.365
0.252
0.465
0.446
0.359
0.451
0.54
0.357
0.416
0.339
0.53
0.573
0.565
0.664
0.472
0.617
0.515
0.436
0.887
0.611
0.553
0.626
0.599
0.516
0.577
1.077
0.978
0.854
0.548
0.796
0.586
0.438
0.805
0.716
0.818
0.597
0.559
0.601
0.5
0.899
0.59
0.691
0.482
0.742
0.318
0.896
0.777
0.778
0.749
0.829
0.657
0.613
0.74
0.713
0.676
0.649
0.374
0.53
0.908
0.436
0.458
0.51
0.859
0.952
0.867
0.712
0.537
0.846
0.43
0.381
0.523
0.709
0.516
0.698
0.64
0.556
0.635
0.495
0.799
0.737
0.625
0.969
0.895
0.742
0.971
1.072
0.873
0.776
0.761
0.738
0.883
0.691
0.93
0.863
1.071
0.732
0.81
0.714
0.485
0.352
0.605
0.699
0.538
0.538
0.617
0.679
0.772
0.569
0.988
1.06
1.227
0.657
1.173
0.999
0.623
1.081
0.501
1.126
0.699
1.026
1.201
0.801
0.616
0.617
0.449
0.522
0.782
0.692
1.146
0.957
1.216
0.669
0.753
0.435
0.96
0.314
0.568
0.977
0.322
0.618
0.835
0.663
0.719
0.761
0.78
0.433
0.864
0.689
0.723
0.784
0.746
0.788
0.889
0.991
0.752
1.066
0.931
1.005
0.859
0.804
0.566
1.016
1.06
0.919
0.655
0.83
1.08
0.803
0.635
0.97
1.01
0.994
0.859
1.13
0.916
0.951
0.738
0.971
0.775
0.95
0.76
0.859
1.14
0.756
0.835
0.912
1.007
0.527
1.045
0.794
0.492
1.145
0.848
1.026
1.062
0.804
0.656
0.605
0.849
0.438
0.685
0.533
0.719
0.808
0.75
0.799
0.961
0.878
0.954
0.674
1.013
1.071
0.568
1.068
1.093
1.004
1.051
0.565
0.631
0.874
0.785
1.141
0.754
0.794
0.899
0.925
0.747
0.574
0.871
0.9
0.716
1.021
1.008
0.953
0.632
0.758
0.873
0.908
1.013
1.057
1.146
1.039
1.252
0.887
0.967
0.964
0.827
1.098
1.121
1.03
1.103
0.675
0.932
0.848
1.07
1.042
0.85
1.215
1.088
0.931
0.805
0.884
0.647
0.733
0.641
0.839
0.662
0.966
0.859
0.962
1.043
0.788
1.054
1.126
1.083
0.73
1.04
0.535
0.82
1.151
1.078
0.944
0.912
1.032
0.95
0.784
0.857
0.747
0.814
1.235
0.799
0.88
0.835
0.961
0.975
1.111
0.78
0.932
0.861
0.949
0.389
1.104
1.152
0.993
0.926
1.118
0.768
0.736
1.091
1.135
1.156
0.75
0.689
0.964
1.003
0.993
1.1
0.916
0.959
0.988
0.764
0.624
0.834
0.558
0.76
0.731
0.788
0.474
0.353
0.785
0.479
0.562
0.751
0.476
0.675
0.887
0.753
0.796
0.605
0.544
0.56
0.567
0.731
0.504
0.705
0.552
0.707
0.61
0.417
0.287
0.547
0.748
0.914
0.647
0.641
0.726
0.56
0.563
0.463
0.84
0.681
0.536
0.518
0.48
0.552
0.646
0.766
0.927
0.738
0.661
0.739
0.701
0.778
0.879
0.921
0.874
0.655
0.921
0.93
0.899
0.676
0.68
0.667
0.749
0.825
0.818
0.85
0.62
0.854
0.892
0.633
0.857
0.871
0.474
0.576
0.442
0.484
0.573
0.792
0.871
0.587
0.789
0.812
0.71
0.555
0.749
0.532
0.616
0.673
0.76
0.812
0.897
0.73
0.723
0.724
0.763
0.785
0.793
0.754
0.681
0.827
0.695
0.642
0.81
0.728
0.739
0.669
0.746
0.698
0.561
0.654
0.694
0.548
0.742
0.476
0.895
0.551
0.913
0.844
0.813
0.857
0.882
0.889
0.458
0.531
0.517
0.52
0.522
0.468
0.427
0.674
0.608
0.512
0.447
0.464
0.646
0.37
0.539
0.671
0.886
0.766
0.475
0.385
0.57
0.431
0.397
0.726
0.515
0.574
0.76
0.647
0.436
0.506
0.768
0.567
0.57
0.619
0.809
0.386
0.703
0.337
0.59
0.617
0.323
0.614
0.649
0.813
0.723
0.728
0.628
0.537
0.236
0.403
0.335
0.484
0.687
0.55
0.66
0.644
0.552
0.353
0.794
0.423
0.517
0.504
0.768
0.785
0.784
0.349
0.695
0.646
0.662
0.715
0.542
0.495
0.605
0.805
0.742
0.852
0.613
0.693
0.738
1.003
0.918
0.953
0.904
0.602
0.917
0.611
0.903
0.841
0.775
0.94
0.854
0.78
0.439
0.402
0.432
0.642
0.498
0.342
0.302
0.779
0.613
0.702
0.859
0.784
0.587
0.635
0.542
0.863
0.622
0.594
0.482
0.345
0.355
0.571
0.806
0.856
0.759
0.528
0.94
0.938
0.694
0.464
0.492
0.816
1
0.921
0.795
0.64
0.447
0.369
0.83
0.875
0.848
0.961
0.436
0.299
0.872
0.706
0.502
0.541
0.471
0.506
0.395
0.398
0.471
0.624
0.871
0.658
0.826
0.883
0.847
0.816
0.782
0.614
0.974
0.36
0.607
0.943
0.79
0.939
0.435
0.564
0.742
1.02
0.859
0.727
0.638
0.344
1.042
0.935
0.975
0.939
0.811
0.719
0.898
0.61
0.476
0.54
0.785
0.654
0.669
0.544
0.893
0.861
0.853
0.412
0.621
0.629
0.64
0.425
0.378
0.359
0.326
0.359
0.493
0.392
0.318
0.693
0.877
0.55
0.786
0.76
0.764
0.295
0.748
0.947
0.85
0.731
0.734
0.734
0.501
0.616
0.696
0.879
0.395
0.624
0.847
0.842
0.66
0.787
0.752
0.361
0.447
0.876
0.71
0.931
0.683
0.677
0.867
1.032
0.405
0.975
0.606
0.517
0.833
0.654
0.552
0.78
0.769
0.888
0.871
0.909
0.887
0.598
0.758
0.563
0.711
0.503
0.478
0.452
0.86
0.734
0.948
0.924
0.343
0.567
0.692
0.72
0.438
0.589
0.438
0.756
0.49
0.834
0.585
0.747
0.705
0.699
0.661
0.697
0.734
0.425
0.492
0.914
0.507
0.588
0.642
0.287
0.382
0.576
0.688
0.501
0.368
0.684
0.595
0.528
0.905
0.758
0.52
0.672
0.732
0.473
0.511
0.343
0.626
0.816
0.82
0.805
0.885
0.874
0.423
0.712
0.815
0.828
0.359
0.524
0.698
0.842
0.901
0.321
0.893
0.89
0.692
0.547
0.53
0.552
0.466
0.753
0.951
0.945
0.788
0.841
0.826
0.519
0.715
0.898
0.47
0.777
0.49
0.7
0.9
0.82
0.897
0.63
0.714
0.875
0.921
0.909
0.903
0.844
0.841
0.835
0.568
0.638
0.388
0.829
0.894
0.961
0.631
0.765
0.571
0.705
0.9
0.527
0.95
0.888
0.58
0.92
0.963
0.388
0.73
0.828
0.609
0.888
0.923
0.586
0.861
0.538
0.599
0.523
0.953
0.856
0.845
0.96
0.91
0.887
0.656
0.814
0.95
0.458
0.837
0.96
0.365
0.494
0.43
0.535
0.714
0.78
0.623
0.858
0.954
0.904
0.728
0.953
0.928
0.943
0.859
0.915
0.936
0.706
0.725
0.855
0.435
0.619
0.662
0.725
0.422
0.556
0.86
0.817
0.402
0.467
0.623
0.458
0.765
0.715
0.456
0.677
0.444
0.507
0.812
0.329
0.679
0.857
0.737
0.358
0.93
0.907
0.708
0.598
0.845
0.865
0.802
0.488
0.341
0.373
0.486
0.84
0.79
0.9
0.855
0.943
0.552
0.952
0.854
0.949
0.634
0.767
0.908
0.814
0.875
0.858
0.584
0.579
0.968
0.89
1.042
0.769
0.667
0.542
0.393
0.913
0.703
0.845
0.857
0.468
0.663
0.791
0.741
0.663
0.486
0.763
0.848
0.555
0.543
0.727
0.848
0.498
0.628
0.52
0.422
0.468
0.992
0.98
1.047
0.547
0.776
0.332
0.6
0.448
0.552
0.887
0.659
0.43
0.508
0.268
0.231
0.327
0.668
0.387
0.476
0.503
0.702
0.699
0.7
0.627
0.353
0.896
1.02
0.667
0.654
0.757
0.701
0.722
0.354
0.337
0.322
0.331
0.724
0.819
0.432
0.488
0.693
0.546
0.797
0.696
0.449
0.197
0.14
0.708
0.662
0.514
0.589
0.356
0.748
0.626
0.765
0.826
0.883
1.013
0.854
0.825
0.862
0.826
0.625
0.856
0.88
0.904
0.933
0.704
0.631
0.618
0.824
0.729
0.791
0.686
0.455
0.5
0.815
0.776
0.533
0.685
0.871
0.456
0.958
0.669
0.526
0.867
0.681
0.58
0.993
0.722
0.689
0.875
1.064
0.86
0.858
0.872
0.797
0.884
0.787
0.631
0.239
0.656
0.749
0.609
0.732
0.72
0.915
0.829
0.81
0.553
0.779
0.395
0.353
0.599
0.691
0.764
0.655
0.428
0.676
0.648
0.615
0.948
0.843
0.395
0.753
0.542
0.796
0.524
0.467
0.488
0.549
0.44
0.576
0.707
0.316
0.192
0.49
0.815
0.609
0.5
0.802
0.736
0.561
0.849
0.591
0.348
0.152
0.634
0.712
0.399
0.821
0.462
0.541
0.395
0.164
0.737
0.407
0.94
0.632
0.834
0.909
0.637
0.768
0.77
0.442
0.794
0.577
0.758
0.715
0.987
1.119
0.929
0.925
0.547
1.153
1.144
1.025
1.074
0.552
1.048
1.164
0.996
0.814
0.738
0.876
0.731
0.618
0.633
0.414
0.622
1.048
0.376
0.536
0.337
0.911
0.731
0.704
0.894
0.946
0.698
0.657
0.618
0.811
0.525
0.465
0.326
0.905
0.631
0.419
0.874
0.758
1.017
1.085
1.184
0.721
0.902
0.685
0.361
0.508
0.11
0.326
0.591
1.008
0.537
0.897
0.338
0.545
0.835
0.105
0.85
0.002
0.942
1.018
0.905
0.973
0.268
1.053
0.631
0.755
0.994
1.027
0.959
0.408
0.967
1.095
0.657
0.812
1.05
1.069
0.943
0.729
1.221
0.802
1.194
1.001
1.15
1.04
0.913
0.939
0.856
0.607
0.475
0.94
0.613
0.861
0.975
1.15
1.122
0.887
0.019
1.028
0.538
0.018
0.975
1.037
0.834
1.161
0.83
0.323
1.101
1
0.223
0.382
0.871
0.457
0.957
1.133
1.08
1.262
1.1
1.308
1.1
0.761
0.744
1.269
0.862
0.796
0.284
1.162
1.316
1.341
0.66
0.756
1.041
0.936
0.468
0.911
0.916
0.797
0.405
0.329
0.944
0.83
0.722
0.642
0.66
0.679
0.936
0.643
0.507
0.538
0.587
0.613
0.626
0.647
0.75
0.618
0.808
0.662
0.688
0.525
0.712
0.413
0.606
0.571
0.26
0.652
0.358
0.629
0.66
0.505
0.518
0.66
0.789
0.645
0.66
0.643
0.646
0.846
0.521
0.53
0.522
0.591
0.505
0.513
0.496
0.505
0.51
0.543
0.647
0.776
0.575
0.594
0.754
0.548
0.668
0.548
0.749
0.758
0.871
0.722
0.643
0.526
0.695
0.788
0.697
0.522
0.833
0.867
0.688
0.444
0.509
0.498
0.687
0.934
0.824
0.487
0.777
0.711
0.528
0.72
0.635
0.607
0.552
0.805
0.701
0.563
0.557
0.661
0.754
0.862
0.791
0.757
0.51
0.847
0.565
0.631
0.464
0.771
0.511
0.591
0.515
0.518
0.852
0.603
0.61
0.51
0.6
0.53
0.476
0.405
0.575
0.833
0.817
1.02
0.977
0.857
0.626
0.83
0.913
0.933
0.411
0.551
0.783
0.967
0.705
0.783
0.552
0.718
0.587
0.646
0.826
0.671
0.788
0.734
0.709
0.741
0.469
0.951
0.891
0.888
0.678
0.793
1.018
0.964
0.817
0.681
0.884
0.72
0.427
0.514
0.602
0.528
0.874
0.822
0.845
0.905
0.78
0.896
0.865
0.761
0.908
0.931
0.663
0.942
0.888
0.861
0.928
0.755
0.786
0.819
0.797
0.454
0.565
0.488
0.321
0.42
0.508
0.555
0.286
0.611
0.633
0.718
0.462
0.742
0.858
0.492
0.757
0.396
0.83
0.116
0.772
0.894
0.531
0.634
0.844
0.51
0.409
0.743
0.467
0.709
0.576
0.937
0.474
0.613
0.878
0.769
0.857
0.677
0.87
0.672
0.69
0.869
0.602
0.913
0.924
0.806
0.758
0.809
0.717
0.464
0.772
0.822
0.881
0.869
0.904
0.975
0.852
0.845
0.807
0.621
0.844
0.677
0.679
0.955
0.941
0.802
0.93
0.949
0.658
0.937
0.706
0.929
0.748
0.914
0.135
0.238
0.718
0.674
0.443
0.969
1.018
0.792
0.989
0.859
0.13
0.431
0.339
0.534
0.612
0.822
0.468
0.747
0.393
0.251
0.649
0.818
0.627
0.771
0.873
0.995
0.829
0.68
0.903
0.802
0.614
0.385
0.371
0.683
0.642
0.86
0.98
0.563
0.771
0.554
0.597
0.373
0.678
0.334
0.372
0.759
0.352
0.399
0.781
0.905
0.334
0.663
0.796
0.888
0.487
0.502
0.419
0.592
0.42
0.723
0.164
0.855
0.541
0.746
0.728
0.702
0.086
0.5
0.892
0.873
0.162
0.894
0.723
0.918
0.62
0.607
